start=8887.045000
volume=70.000000
