start=475.183000
volume=98.000000
sub-pos=99
