start=1014.368000
volume=84.000000
fullscreen=yes
